ccaa	municipios	men_pct_munis	men_pct_pob	men_pct_pob_fuente_propia	men_pct_munis_ult12m	men_por_1000hab	men_g20_con	men_g20_propia	g20	sue_munis_tabla	sue_g20_tabla	sue_pct_pob	ispa_pct_munis	cu_pct_al_dia	cu_pct_sin_dato	deuda_pct	saldo_pct	for_pct_con_contratos	for_por_1000hab	adj_medio	dir_medio	idx_pct_con	idx_mediana	n_comp_medio
Región de Murcia	45	82.2	94.2	62.5	66.7	63.7	17	6	20	6	6	60.3	84.4	66.7	17.8	100.0	88.9	93.3	4.1	90.1	43.0	100.0	69.4	7.9
Cataluña	947	78.5	97.3	97.3	53.9	80.1	69	69	70	7	7	35.2	91.4	97.8	0.0	100.0	96.5	94.0	6.97	96.6	37.8	100.0	81.1	7.7
País Vasco	251	55.4	72.2	71.8	39.0	80.9	16	16	20	1	1	11.6	86.5	None	None	100.0	0.0	93.6	4.93	100.0	28.4	94.4	70.4	5.4
Andalucía	785	69.7	87.1	18.5	53.5	20.0	76	4	88	5	5	20.2	88.5	57.6	28.3	100.0	94.6	92.6	7.89	88.6	42.4	100.0	71.5	7.5
Comunidad de Madrid	179	66.5	93.5	65.1	53.1	15.6	32	7	37	7	7	59.6	74.9	100.0	0.0	100.0	93.3	92.7	3.73	87.9	51.6	100.0	76.8	7.5
Comunitat Valenciana	542	80.1	92.4	29.7	69.6	40.8	63	7	68	5	5	12.2	87.8	99.6	0.2	100.0	99.4	90.8	7.58	89.1	32.6	100.0	77.4	7.7
Galicia	313	56.5	82.1	34.2	45.7	29.2	20	7	23	1	1	10.9	89.5	100.0	0.0	100.0	98.4	72.2	5.83	90.1	43.3	100.0	73.2	7.0
Castilla y León	2248	22.8	71.2	26.1	13.7	28.4	14	3	16	3	3	16.7	85.3	89.1	5.1	100.0	92.9	39.7	6.78	84.3	44.4	100.0	67.3	6.0
Canarias	88	89.8	90.3	42.9	81.8	36.3	26	5	30	3	3	31.0	85.2	100.0	0.0	100.0	100.0	98.9	6.99	87.3	31.1	100.0	80.0	7.9
Castilla-La Mancha	919	69.7	90.6	7.7	42.4	75.9	16	2	16	1	1	3.6	70.7	61.0	26.8	100.0	72.1	69.3	7.36	87.7	28.5	100.0	67.5	7.2
Aragón	731	63.5	91.4	51.0	42.5	18.3	4	1	4	3	3	57.8	86.9	100.0	0.0	100.0	97.1	82.2	7.86	85.1	34.9	100.0	77.3	7.2
Illes Balears	67	70.1	87.1	35.1	56.7	21.9	11	1	13	3	3	12.8	74.6	77.6	11.9	100.0	92.5	91.0	5.56	83.2	52.2	100.0	72.6	7.6
Extremadura	388	83.8	87.4	14.3	37.9	23.3	7	1	7	1	1	14.3	79.6	71.6	18.0	100.0	90.7	92.3	11.6	86.0	36.4	100.0	73.0	7.7
Principado de Asturias	78	79.5	64.6	26.6	73.1	52.4	5	1	7	2	2	48.7	92.3	85.9	9.0	100.0	96.2	100.0	8.47	88.3	43.3	100.0	80.8	7.8
Comunidad Foral de Nav	272	0.0	0.0	0.0	0.0	0.0	0	0	4	1	1	30.6	99.6	None	None	100.0	0.0	86.4	6.03	99.4	8.5	86.4	66.4	4.7
Cantabria	102	75.5	87.3	0.0	60.8	23.9	5	0	5	0	0	0.0	82.4	77.5	13.7	100.0	92.2	89.2	6.82	89.8	44.5	100.0	73.8	7.6
La Rioja	174	27.6	86.3	0.0	18.4	26.9	2	0	2	1	1	46.5	87.9	74.1	15.5	100.0	89.7	76.4	16.54	86.5	67.2	100.0	77.9	6.6
Ciudad Autónoma de Mel	1	0.0	0.0	0.0	0.0	0.0	0	0	1	0	0	0.0	0.0	None	None	100.0	100.0	100.0	16.8	90.4	97.8	100.0	95.4	5.0
Ciudad Autónoma de Ceu	1	0.0	0.0	0.0	0.0	0.0	0	0	1	0	0	0.0	0.0	None	None	100.0	100.0	100.0	9.09	94.7	99.1	100.0	90.2	5.0
Girona (provincia)	221	75.6	95.9	95.9	52.0	134.8	10	10	10	1	1	13.1	91.0	99.5	0.0	100.0	99.1	91.9	9.6	96.8	45.8	100.0	82.1	7.6
España	8131	54.8	87.2	46.1	38.0	40.4	383	130	432	50	50	28.8	85.1	84.5	9.4	100.0	86.1	73.2	6.68	89.4	37.1	99.4	72.1	6.9
